BFS:
test 1:
[0, -1], [1, 0], [0, 1], [0, 1], [1, 0], [1, 0], [0, 1], [0, 1], [1, 0], [0, 1], [1, 0], [1, 0]]
0.05742907524108887
0.056938886642456055

test 2:
[[0, 1], [-1, 0], [0, -1], [0, -1], [1, 0], [0, -1], [-1, 0], [-1, 0], [-1, 0], [-1, 0], [0, -1], [0, -1], [0, -1], [0, -1], [-1, 0]]
0.831193208694458
0.7681255340576172

test 3:
[[0, 1], [-1, 0], [0, 1], [1, 0], [1, 0], [1, 0], [0, 1], [0, 1], [1, 0], [0, 1], [0, 1], [0, 1], [1, 0], [1, 0], [0, 1], [0, 1], [-1, 0], [0, -1], [0, -1], [1, 0], [0, -1], [0, -1], [0, -1], [-1, 0], [-1, 0]]
4.172816276550293
4.18649435043335

IDS:
test 1:
[[1, 0], [0, -1], [-1, 0], [-1, 0], [0, -1], [-1, 0], [0, -1], [0, -1], [-1, 0], [-1, 0], [0, -1], [0, -1]]
0.2952744960784912
0.30037498474121094

test 2:
[[-1, 0], [0, 1], [1, 0], [0, -1], [0, -1], [-1, 0], [-1, 0], [-1, 0], [-1, 0], [0, -1], [-1, 0], [0, -1], [0, -1], [0, -1], [0, -1]]
3.9147496223449707
3.9218602180480957

test 3:
3.txt
[[-1, 0], [0, 1], [1, 0], [1, 0], [1, 0], [0, 1], [1, 0], [0, 1], [0, 1], [1, 0], [1, 0], [0, 1], [0, 1], [0, 1], [-1, 0], [0, 1], [0, 1], [1, 0], [0, -1], [0, -1], [0, -1], [-1, 0], [-1, 0], [0, -1], [0, -1]]
36.63404560089111
36.14271664619446

heuristic 1:
**with number of nodes
** this model is for weighted
test 1:
[[0, -1], [1, 0], [0, -1], [-1, 0], [-1, 0], [0, -1], [-1, 0], [0, -1], [0, -1], [0, -1], [-1, 0], [-1, 0]]
0.04993462562561035
0.05141949653625488

test 2:
[[0, 1], [-1, 0], [0, -1], [0, -1], [1, 0], [0, -1], [-1, 0], [-1, 0], [-1, 0], [-1, 0], [0, -1], [0, -1], [0, -1], [0, -1], [-1, 0]]
0.8321905136108398
0.8375990390777588

test 3:
[[0, 1], [-1, 0], [0, 1], [1, 0], [1, 0], [1, 0], [0, 1], [0, 1], [1, 0], [0, 1], [0, 1], [0, 1], [1, 0], [1, 0], [0, 1], [0, 1], [-1, 0], [0, -1], [0, -1], [1, 0], [0, -1], [0, -1], [0, -1], [-1, 0], [-1, 0]]
9.663774251937866
9.711437225341797

heuristic 2:
**with distance of nodes
test 1:
[[0, -1], [1, 0], [0, -1], [1, 0], [0, 1], [-1, 0], [-1, 0], [-1, 0], [0, -1], [0, -1], [-1, 0], [0, -1]]
0.08701419830322266
0.08660745620727539

test 2:
[[0, 1], [-1, 0], [0, -1], [1, 0], [0, -1], [-1, 0], [0, -1], [-1, 0], [-1, 0], [-1, 0], [0, -1], [0, -1], [0, -1], [0, -1], [-1, 0]]
2.0157887935638428
2.013643980026245

test 3:
[[-1, 0], [0, 1], [1, 0], [0, 1], [1, 0], [0, 1], [0, 1], [1, 0], [1, 0], [0, 1], [0, 1], [0, 1], [1, 0], [1, 0], [0, 1], [0, 1], [-1, 0], [0, -1], [0, -1], [1, 0], [0, -1], [0, -1], [0, -1], [-1, 0], [-1, 0], [0, -1], [0, -1], [-1, 0]]
37.1749153137207
37.21227431297302

WEIGHTED:
alpha = 2
test 1:
[[0, -1], [1, 0], [0, -1], [-1, 0], [-1, 0], [0, -1], [-1, 0], [0, -1], [0, -1], [0, -1], [-1, 0], [-1, 0]]
0.02188587188720703
0.019444942474365234

test 2:
[[0, 1], [-1, 0], [0, -1], [0, -1], [1, 0], [0, -1], [-1, 0], [-1, 0], [-1, 0], [-1, 0], [0, -1], [0, -1], [0, -1], [0, -1], [-1, 0]]
0.38779115676879883
0.3846158981323242

test 3:
[[0, 1], [-1, 0], [0, 1], [1, 0], [1, 0], [1, 0], [0, 1], [0, 1], [1, 0], [0, 1], [0, 1], [0, 1], [1, 0], [1, 0], [0, 1], [0, 1], [-1, 0], [0, -1], [0, -1], [1, 0], [0, -1], [0, -1], [0, -1], [-1, 0], [-1, 0]]
5.542929172515869
5.546097993850708

alpha = 5
test 1:
[[0, -1], [1, 0], [0, -1], [-1, 0], [-1, 0], [0, -1], [-1, 0], [0, -1], [0, -1], [0, -1], [-1, 0], [-1, 0]]
0.0036725997924804688
0.003289461135864258

test 2:
[[0, -1], [-1, 0], [0, 1], [1, 0], [0, 1], [-1, 0], [-1, 0], [0, -1], [0, -1], [0, -1], [-1, 0], [-1, 0], [0, -1], [0, -1], [0, -1], [0, -1], [-1, 0]]
0.0571744441986084
0.057982683181762695

test 3:
[[0, 1], [-1, 0], [0, 1], [1, 0], [1, 0], [1, 0], [0, 1], [0, 1], [1, 0], [0, 1], [-1, 0], [0, -1], [1, 0], [1, 0], [0, 1], [0, 1], [0, 1], [1, 0], [0, 1], [0, 1], [-1, 0], [0, -1], [-1, 0], [0, -1], [1, 0], [1, 0]]
0.027012109756469727
0.027394533157348633